20
1.0
9 3 1 4 7 6 4 107 8 6 8 6 4 0 3 1 5 8 9 0 2
2 0 8 8 2 6 2 7 3 1 1 1 111 4 4 1 7 8 5 9 8
8 8 6 99 6 8 4 4 7 6 3 1 5 5 5 3 8 0 9 2 6
1 3 9 3 6 8 1 9 2 94 1 0 4 7 9 3 8 5 6 8 2
1 1 1 3 9 9 1 7 6 2 6 3 0 6 2 0 5 1 2 108 1
0 111 6 0 7 9 6 6 4 6 7 4 0 5 2 6 3 2 6 7 6
3 3 4 4 4 7 2 8 2 3 2 100 0 1 2 6 8 1 9 0 6
4 7 5 5 107 3 0 4 2 1 1 3 9 9 6 4 8 5 4 2 5
2 4 3 1 8 2 112 6 0 2 1 3 7 3 2 3 0 3 5 3 5
8 4 2 7 8 1 9 1 112 9 4 0 4 9 6 7 4 7 1 6 5
3 8 1 5 1 7 6 5 0 3 0 5 8 1 7 92 7 0 8 5 6
4 3 5 6 0 4 1 4 4 2 4 7 1 5 1 1 106 1 3 8 4
8 4 116 7 4 0 5 1 9 4 2 0 6 6 1 2 5 1 8 1 0
6 5 0 8 3 3 4 1 7 8 102 9 6 7 5 4 9 0 5 5 2
5 5 1 9 8 5 6 6 5 7 4 6 0 7 2 2 1 100 6 6 8
101 1 5 1 4 9 0 6 2 6 6 1 5 3 1 1 5 6 3 5 9
5 5 1 5 4 4 1 6 0 9 2 1 2 105 5 6 7 8 3 4 6
4 5 0 4 5 1 2 0 0 4 3 8 6 5 9 0 3 3 113 6 7
8 3 7 0 2 2 3 6 9 5 4 1 1 3 96 1 3 8 9 1 0
4 4 6 8 7 114 7 3 2 7 7 6 7 9 1 6 9 4 4 2 3
